[-1.37268378e+01  3.00736820e+00  1.58981795e+00  6.12677258e-01
  1.45883185e+00  7.38634960e-01  1.79166434e+00  1.69759188e-02
  3.69447750e-03  1.81567556e-01  8.33982731e-01  8.51056519e-03
  9.93506814e-01  3.58723542e-01  1.66017269e-01], 16.356498533744666, True
[-1.38289584e+01  3.04170885e+00  1.74969455e+00  5.49891408e-01
  1.35905898e+00  1.02536679e+00  1.90784490e+00  0.00000000e+00
  1.69085933e-01  1.95216749e-06  6.07430426e-01  6.53753091e-03
  4.72834110e-01  6.64641170e-01  3.92569574e-01], 17.05751251179915, True
[-1.35694392e+01  3.49998842e+00  1.35947462e+00  3.36492110e-01
  2.08257795e+00  9.94920887e-01  1.87676185e+00  2.65291876e-02
  1.95314144e-01  1.32648289e-01  1.00000000e+00  2.02234240e-02
  5.55905389e-01  5.69008903e-01 -3.10255571e-23], 16.320624318706912, True
[-13.37213293   3.08508489   1.57913053   0.29189509   1.91443802
   1.18450721   1.96232445   0.01408889   0.13455553   0.21463581
   1.           0.06948747   0.66991378   0.30445713   0.        ], 16.36074220264159, True
[-13.05689579   3.34905564   1.69490038   0.36092171   2.30007057
   1.18004154   1.75966829   0.02852181   0.07949518   0.20926573
   0.97194078   0.01383095   0.76979928   0.28968507   0.02805922], 16.174230218393728, True
[-1.32971211e+01  3.50000000e+00  3.41412969e-01  4.60084280e-01
  2.26761445e+00  1.24345097e+00  1.79561085e+00  1.06142434e-02
  3.81241071e-01  3.04085719e-01  1.00000000e+00  3.59430196e-01
  2.52977258e-01  6.72911799e-01 -1.81170010e-18], 16.419734049369264, True
[-1.33384858e+01  3.18484794e+00  4.37149171e-01  4.79305516e-01
  2.23584307e+00  1.49057092e+00  1.78811717e+00  2.64833192e-04
  4.11210797e-01  3.30771917e-01  1.00000000e+00  9.47794234e-02
  1.11837643e-03  8.02037703e-02 -9.80077114e-20], 16.534079010381795, True
[-1.36890872e+01  3.38834192e+00  4.85695774e-01  3.85436193e-01
  2.38892077e+00  1.50000000e+00  1.77688325e+00  1.33396113e-02
  4.00205724e-01  3.25394551e-01  1.00000000e+00  9.69036529e-02
  8.45402459e-02  6.19368753e-02 -8.49329247e-21], 16.455912159409134, True
[-1.29041831e+01  3.50000000e+00  2.00000000e-01  8.26938782e-01
  2.40000000e+00  1.49597470e+00  1.82560653e+00  1.71667732e-02
  2.79171590e-01  2.85573959e-01  1.00000000e+00  7.59047042e-01
  5.59567656e-04  4.33400535e-01 -2.61927443e-17], 16.25255172174453, True
[-1.29843517e+01  3.50000000e+00  3.49003441e-01  5.22535192e-01
  1.77993667e+00  9.16792184e-01  1.92852463e+00  4.59047695e-03
  3.36201856e-01  2.55100874e-01  1.00000000e+00  4.93216604e-01
  2.05755141e-01  2.23507038e-02 -9.22799774e-19], 16.46633702783062, True
[-1.27609875e+01  2.93035605e+00  2.23252461e-01  1.49446115e+00
  1.75538161e+00  9.44234584e-01  1.90146373e+00  1.24726388e-02
  7.14323296e-02  1.80468948e-01  1.00000000e+00  8.68247652e-01
  1.67893924e-04  3.60841269e-01 -1.67688614e-18], 16.222206776879332, True
[-1.18207921e+01  3.50000000e+00  3.60741042e-01  1.47222946e+00
  2.39969864e+00  1.17747009e+00  1.75677738e+00  2.90804733e-02
  9.41431349e-02  2.11703818e-01  1.00000000e+00  9.46076728e-01
  4.41427909e-02  4.83182484e-01 -1.45473398e-20], 15.985895109863593, True
[-1.16332900e+01  3.49974438e+00  3.79673670e-01  1.42726731e+00
  2.26922226e+00  1.28550352e+00  1.88271693e+00  2.69223532e-02
  1.07580286e-01  1.51681692e-01  9.58808208e-01  9.57245738e-01
  1.24499658e-01  3.80726383e-01  3.03991436e-06], 16.010173020380236, True
[-1.16755566e+01  3.50000000e+00  2.02975962e-01  1.36063661e+00
  2.34806478e+00  1.47223175e+00  1.92345349e+00  1.22239577e-02
  2.05422692e-01  2.11909775e-01  1.00000000e+00  8.70031083e-01
  2.32552578e-01  4.63797414e-01 -1.04162184e-19], 16.05639370447483, True
[-11.92339119   3.49982322   0.21552342   1.42960824   2.32294625
   1.5          1.86730053   0.           0.24968265   0.11771387
   0.92324118   0.84594782   0.34029607   0.21300064   0.        ], 16.203191129972588, True
[-1.20472993e+01  3.50000000e+00  2.02987924e-01  1.15135436e+00
  2.35153471e+00  1.46652559e+00  1.92949799e+00  2.00285016e-02
  2.03191089e-01  1.62812592e-01  1.00000000e+00  8.57392423e-01
  1.26961060e-01  2.22131668e-01 -1.01788568e-20], 16.103646738647694, True
[-1.24299777e+01  3.24914101e+00  2.11610937e-01  1.35880754e+00
  2.29253443e+00  1.49336660e+00  1.86497108e+00  1.13495800e-02
  1.43353989e-01  2.73323282e-01  9.99999403e-01  8.56136165e-01
  3.36416885e-02  5.18602597e-01 -8.47032947e-22], 16.160298009559565, True
[-1.23894167e+01  3.50000000e+00  2.00000000e-01  1.03619595e+00
  2.34575848e+00  1.38415604e+00  1.88328920e+00  2.03537519e-02
  2.02561773e-01  1.82192733e-01  1.00000000e+00  8.22558841e-01
  2.18899349e-06  1.98005106e-01 -7.04377875e-18], 16.137731538750472, True
[-1.22795296e+01  3.50000000e+00  2.11101867e-01  8.74107585e-01
  2.31689090e+00  1.37609529e+00  1.88197925e+00  1.29662425e-02
  2.55461793e-01  1.85351235e-01  1.00000000e+00  7.45059160e-01
  2.69026217e-02  4.03996063e-02 -1.37784854e-20], 16.182747627991187, True
[-1.21819677e+01  3.50000000e+00  2.00001828e-01  1.05404621e+00
  2.14966891e+00  1.12238759e+00  1.94633414e+00  1.55932567e-02
  1.81078661e-01  1.54129121e-01  1.00000000e+00  8.08176620e-01
  0.00000000e+00  1.41234316e-01 -2.41141959e-19], 16.12340586403783, True
[-1.19355741e+01  3.49999109e+00  2.00037681e-01  1.16083918e+00
  2.39999991e+00  1.45916212e+00  1.87367510e+00  3.00031254e-02
  1.63234088e-01  1.49114442e-01  9.99314689e-01  8.71499160e-01
  6.70688903e-05  1.84917249e-01  6.51984220e-04], 16.054864313791104, True
[-1.21349498e+01  3.44625826e+00  2.61942867e-01  1.38244467e+00
  2.40000000e+00  1.46155377e+00  1.84533058e+00  2.74389570e-02
  1.51564768e-01  1.89496415e-01  1.00000000e+00  9.17064497e-01
  1.14408622e-01  4.01909519e-01 -1.66871128e-20], 16.06767494513595, True
[-11.98601566   3.49976841   0.2          1.21596816   2.13487029
   1.2084434    1.91420073   0.01857558   0.13646226   0.10859811
   0.93958571   0.84513789   0.           0.11111735   0.06022895], 16.113836933525608, True
[-1.15086302e+01  3.04164889e+00  2.00047521e-01  1.49049169e+00
  2.13116374e+00  1.32722748e+00  1.87821419e+00  1.63319530e-02
  7.59768245e-02  1.83024172e-01  1.00000000e+00  8.70413111e-01
  1.19934376e-03  3.72194575e-01  4.10835726e-17], 16.03277096841872, True
[-1.14828710e+01  3.32475543e+00  2.00000000e-01  1.15228720e+00
  2.38401553e+00  1.49323217e+00  1.84913483e+00  5.37981395e-03
  1.93412009e-01  1.57673920e-01  1.00000000e+00  7.85906005e-01
  1.68915333e-03  1.41103846e-01 -1.28211174e-19], 16.07566737911438, True
[-1.16694838e+01  3.50000000e+00  1.83284296e+00  2.91637285e-01
  2.33051481e+00  1.42715777e+00  1.90416363e+00  2.55793750e-02
  1.72286015e-01  1.71398115e-01  1.00000000e+00  1.60438667e-02
  4.41801509e-01  3.03928322e-01 -1.95926245e-21], 16.031056301202057, True
[-1.13916025e+01  3.50000000e+00  1.70399495e+00  2.01149697e-01
  2.18932383e+00  1.01548980e+00  1.85127263e+00  1.99424169e-02
  1.12625206e-01  1.69759747e-01  1.00000000e+00  6.83258828e-02
  6.76995484e-01  3.53799179e-01 -2.80104165e-21], 15.960520929376223, True
[-1.12662809e+01  3.50000000e+00  1.44008351e+00  2.02176532e-01
  2.27640521e+00  1.03850258e+00  1.79955711e+00  2.15065050e-02
  1.36073252e-01  8.68555634e-02  9.96344666e-01  9.27002082e-02
  7.58252341e-01  7.37230546e-01  3.65533388e-03], 16.020701029925878, True
[-1.10707897e+01  3.49995821e+00  1.21810589e+00  2.00013648e-01
  2.40000000e+00  1.48859244e+00  1.88533503e+00  2.91151529e-02
  1.42354737e-01  1.51226651e-01  9.99598646e-01  9.28729693e-02
  8.57578499e-01  6.05540731e-01  5.20132709e-05], 15.937631116028461, True
[-10.97603395   3.4984216    1.27045432   0.2335392    2.24464072
   1.31003557   1.9357425    0.01972501   0.11431543   0.15118819
   0.95759826   0.10804276   0.88568457   0.54427192   0.04240174], 15.935460802275184, True
[-1.11207032e+01  3.30592098e+00  1.39558440e+00  2.00000000e-01
  2.28486867e+00  1.26157931e+00  1.87057153e+00  1.53767120e-02
  1.35972611e-01  9.36871302e-02  9.99996935e-01  1.21754163e-01
  7.82944931e-01  7.47531618e-01  3.06482605e-06], 16.010924694592624, True
[-11.23761763   3.39804986   1.64966212   0.35216636   1.22836338
   0.88096622   0.82854417   0.           0.0317617    0.05968647
   0.61877231   0.38337092   0.82493438   0.71089345   0.38122769], 16.101894593039617, True
[-1.12817816e+01  3.48968083e+00  1.55397013e+00  2.61591567e-01
  1.09404319e+00  7.23504874e-01  8.05368682e-01  7.05235879e-03
  3.68336940e-02  9.20406357e-02  7.04823944e-01  4.15780982e-01
  9.18129724e-01  6.73014354e-01  2.23139728e-01], 16.05581132761014, True
[-11.40692279   3.49907004   1.85271985   0.2462834    1.46679272
   0.89537162   0.80971003   0.           0.14761681   0.05804036
   0.830452     0.38919429   0.44182765   0.69397816   0.16035822], 16.107147861386526, True
[-11.32793513   3.41656487   1.95687271   0.29409318   1.68709272
   0.93281828   0.76280239   0.           0.10419957   0.12404875
   0.86275205   0.35239325   0.56465004   0.47778889   0.11870265], 15.969367366074929, True
[-11.42201689   3.498181     1.89245721   0.20133594   1.72313738
   0.92798233   0.73563648   0.           0.0533719    0.08664514
   0.7264261    0.38826791   0.73741616   0.61707433   0.27357324], 16.003791929593735, True
[-1.13340678e+01  2.79325369e+00  1.77716253e+00  2.35480277e-01
  1.91842285e+00  1.06669316e+00  6.94523815e-01  1.41265403e-04
  6.89694439e-02  1.51462826e-01  1.00000000e+00  4.23749794e-01
  8.53845615e-01  6.03698494e-01 -5.24932594e-22], 16.028067328498995, True
[-11.13679402   3.22174489   1.40376915   0.98171615   1.94162244
   1.12130436   0.72793455   0.03530153   0.05582964   0.18761247
   0.97275703   0.           0.94417036   0.29378319   0.02720412], 15.74185020248552, True
[-1.08898529e+01  3.08542937e+00  1.43106986e+00  9.49141216e-01
  2.04200720e+00  1.44157304e+00  7.40300754e-01  3.77463652e-02
  6.40310233e-02  1.87657680e-01  9.98844437e-01  0.00000000e+00
  8.78467343e-01  3.22505200e-01  4.91051423e-05], 15.764208496297043, True
[-1.07297124e+01  3.24723974e+00  1.54278107e+00  1.02718110e+00
  2.12883313e+00  1.46478874e+00  7.04896681e-01  2.89313203e-02
  9.92415828e-03  1.51723844e-01  8.21549369e-01  0.00000000e+00
  9.90075842e-01  3.51142990e-01  1.78443419e-01], 15.688824445533662, True
