[-1.46597563e+01  2.95723835e+00  1.69042403e+00  7.94196198e-01
  1.29831979e+00  5.87049617e-01  1.62621945e+00  2.33190440e+00
  2.24091322e-02 -2.06014617e-19  1.08511489e-01  8.54690481e-01
  0.00000000e+00  1.00000000e+00  2.51302059e-07  1.45252516e-01], 15.772881901177902, True
[-1.47372285e+01  2.96877715e+00  1.97261270e+00  4.02514361e-01
  1.16096316e+00  5.59082708e-01  1.75145366e+00  2.14502742e+00
  3.52630524e-03  0.00000000e+00  6.95990478e-02  6.73939495e-01
  6.31364342e-02  8.43144573e-01  8.56725639e-02  3.26060505e-01], 16.47344946353596, True
[-14.91175011   2.8380817    1.84768967   0.2553783    1.31896454
   0.74680577   1.82605661   1.93135209   0.           0.
   0.06158121   0.65572061   0.1122891    0.92796852   0.18274915
   0.24225751], 16.7079591146267, True
[-1.52524761e+01  3.02714646e+00  1.41294275e+00  2.54325547e-01
  1.29988093e+00  9.71814439e-01  1.85980645e+00  1.69137703e+00
  1.20919671e-04  2.09553716e-01  1.18795466e-03  5.81874523e-01
  1.71975915e-01  7.10683769e-01  5.13692657e-01  4.18125477e-01], 17.470756101697866, True
[-1.53338758e+01  2.25824679e+00  1.53885058e+00  3.14815298e-01
  1.25256991e+00  8.40221577e-01  1.94879669e+00  1.18451285e+00
 -5.29395592e-23  9.14045724e-02  3.32097627e-02  9.92396302e-01
  1.39891179e-01  9.07658581e-01  6.77851877e-01  7.60369831e-03], 17.04503537213916, True
[-1.55042688e+01  3.32439675e+00  1.48951181e+00  2.61844482e-01
  1.33694825e+00  8.30616188e-01  2.01607458e+00  1.00000000e+00
  1.07465641e-03  2.39692022e-02  6.63681205e-02  5.86394817e-01
  1.42895672e-01  9.76025881e-01  7.24034131e-01  4.13599809e-01], 16.850996106237876, True
[-1.53160090e+01  3.50000000e+00  1.46034459e+00  2.65276072e-01
  1.52488881e+00  8.83332720e-01  1.96885695e+00  1.00000000e+00
  4.64681482e-03  4.53122316e-02  6.35027967e-02  6.30992994e-01
  1.32406319e-01  9.40896377e-01  7.43975825e-01  3.69007006e-01], 16.771311056604603, True
[-1.53257061e+01  3.47757091e+00  1.59984063e+00  2.73057098e-01
  1.44161410e+00  8.45220161e-01  2.05939291e+00  1.00000000e+00
  3.44341294e-03  1.08042930e-01  7.84179397e-03  6.84044560e-01
  1.00313016e-01  6.33020443e-01  8.31875886e-01  3.15955440e-01], 16.881181091022448, True
[-1.54360935e+01  2.11775675e+00  1.60634284e+00  2.01315395e-01
  1.32368682e+00  1.06701660e+00  2.05823007e+00  1.00000000e+00
  0.00000000e+00  8.52696128e-02  4.11508393e-02  1.00000000e+00
  1.46767691e-01  8.43937876e-01  7.97888817e-01 -2.57688023e-19], 17.134859948339567, True
[-1.56901525e+01  2.09850166e+00  1.50882302e+00  2.01270281e-01
  1.21833870e+00  1.12320108e+00  2.14991925e+00  1.00610713e+00
  9.76950972e-05  1.07912092e-01  4.19700387e-02  9.99635612e-01
  1.62511690e-01  8.47437109e-01  8.27488235e-01  3.03381175e-04], 17.31887008512627, True
[-1.56625422e+01  2.20376750e+00  1.73299787e+00  2.34410235e-01
  1.44091721e+00  8.75933066e-01  1.86186038e+00  1.00000000e+00
  9.34073238e-03  1.33687367e-03  1.53668256e-01  9.90288015e-01
  1.06146583e-01  9.61830303e-01  5.46171724e-01  9.71198474e-03], 16.84723496904276, True
[-1.59183421e+01  3.04585601e+00  9.25439544e-01  2.76230216e-01
  1.40375518e+00  8.90761395e-01  2.01304125e+00  1.00000000e+00
  3.23729563e-02  2.58415419e-01  2.78979399e-01  9.99999730e-01
  1.04939690e-01  7.39455651e-01  3.94221775e-01  2.69766027e-07], 17.019304657812302, True
[-14.99800306   3.29656153   1.38941419   0.40844451   1.86890232
   1.32455422   2.01703689   1.01578199   0.01680496   0.28896957
   0.14731343   0.91602251   0.           0.22717587   0.45777873
   0.05908076], 16.853108522826535, True
[-1.48453947e+01  3.32576104e+00  1.25381021e+00  3.14661661e-01
  2.16600914e+00  1.16219122e+00  1.80437399e+00  1.00000000e+00
  2.11742922e-02  3.66684251e-01  1.34823109e-01  1.00000000e+00
  4.26108801e-02  1.54754114e-01  7.39251073e-01 -1.86931890e-20], 16.650039043587633, True
[-1.42266694e+01  3.49999886e+00  1.09502777e+00  2.00000000e-01
  2.31987692e+00  1.07833107e+00  1.74458657e+00  1.00000000e+00
  1.99102459e-02  2.86338543e-01  1.50729133e-01  1.00000000e+00
  1.38543965e-01  5.25914515e-01  8.06017097e-01 -1.52798573e-20], 16.439670293989796, True
[-1.40042075e+01  3.50000000e+00  1.42736284e+00  2.37069072e-01
  2.40000000e+00  1.09187296e+00  1.70670478e+00  1.00760427e+00
  3.43666042e-02  1.12891020e-01  2.48262499e-01  1.00000000e+00
  5.22825853e-02  8.87108980e-01  2.78329624e-01 -1.04736197e-18], 16.27399796506811, True
[-14.04493544   3.32913244   1.5292184    0.20003838   2.21108979
   0.99836818   1.72089944   1.00014115   0.02898863   0.08353115
   0.19993518   0.98112138   0.07565529   0.91346241   0.41240052
   0.0188786 ], 16.315894670521814, True
[-1.37376538e+01  3.49999322e+00  1.44340690e+00  2.08514234e-01
  2.22442693e+00  8.83612990e-01  1.71134648e+00  1.00005559e+00
  2.59521832e-02  1.09947166e-01  2.00646881e-01  1.00000000e+00
  8.21014915e-02  8.90029898e-01  4.12063438e-01 -3.05875086e-21], 16.23524172159446, True
[-13.10312201   3.5          1.53709147   0.21918625   2.37266052
   1.0064039    1.70458379   1.03865682   0.02822073   0.09515279
   0.19503381   1.           0.06571541   0.87851644   0.34903112
   0.        ], 16.144084137762416, True
[-1.29460809e+01  3.50000000e+00  1.29557813e+00  2.29519519e-01
  2.25930838e+00  1.15374360e+00  1.75769861e+00  1.17180344e+00
  1.14722641e-02  3.56577292e-01  1.67444731e-01  1.00000000e+00
  1.35515252e-01  2.12309704e-01  3.95623505e-01 -3.62516893e-21], 16.391848265946045, True
[-1.28258526e+01  3.49999986e+00  1.56753575e+00  3.06583734e-01
  2.34712057e+00  1.44826643e+00  1.82908393e+00  1.07328691e+00
  1.82547862e-02  3.51901658e-01  2.11489855e-01  1.00000000e+00
  3.21385682e-02  1.12713032e-01  2.16589517e-01 -3.63442867e-19], 16.31020878852392, True
[-1.27933320e+01  3.49999954e+00  1.65459149e+00  3.23805178e-01
  2.37603890e+00  1.48973998e+00  1.84735064e+00  1.00000000e+00
  2.76267327e-02  2.43249502e-01  2.19529665e-01  9.99985210e-01
  2.44080767e-03  3.39652804e-01  2.37680436e-01  1.47899731e-05], 16.221566971059865, True
[-12.75680544   3.49538331   1.84886945   0.25328734   2.33538757
   1.48530106   1.88349056   1.           0.02173024   0.1381879
   0.12633883   0.90298755   0.03978681   0.52980128   0.43212752
   0.09701245], 16.205315954341803, True
[-1.27688041e+01  3.49999369e+00  1.67979535e+00  2.59738704e-01
  2.40000000e+00  1.49801995e+00  1.85488772e+00  1.00010632e+00
  3.29398762e-02  1.61107791e-01  2.44995671e-01  9.99662957e-01
  1.71726264e-02  5.44825061e-01  1.86859314e-01  2.84135857e-04], 16.159284045590436, True
[-12.42504684   3.5          1.95771221   0.252938     2.39999775
   1.37451527   1.81232203   1.0189591    0.03012322   0.12239471
   0.22353999   0.98488322   0.02077217   0.55660891   0.18654544
   0.01511678], 16.083372054590907, True
[-1.26407019e+01  3.40938438e+00  2.31851431e+00  2.64018020e-01
  2.31432875e+00  1.28313521e+00  1.71620959e+00  1.00695066e+00
  2.95849325e-03  4.07734194e-02  2.34268818e-02  5.98697084e-01
  6.42185811e-02  6.28867738e-01  5.33942150e-01  4.01302916e-01], 16.27633866123757, True
[-1.26710998e+01  3.44147569e+00  2.12901583e+00  2.00000488e-01
  2.38821246e+00  1.28499953e+00  1.71457458e+00  1.00000247e+00
  6.07606260e-03  4.23001282e-02  3.41075920e-02  6.59670854e-01
  8.12217814e-02  7.04857984e-01  6.00660840e-01  3.40328946e-01], 16.248380488846816, True
[-1.20292729e+01  2.95646146e+00  1.64914929e+00  2.00005116e-01
  1.87499690e+00  1.16690097e+00  1.84894977e+00  1.06428345e+00
  3.11918596e-04  1.40705103e-02  6.89808857e-02  6.93581370e-01
  1.41548349e-01  9.84895260e-01  6.10614799e-01  3.06418630e-01], 16.232774933663265, True
[-11.72845849   3.07518563   1.53689827   0.6052246    1.9956264
   1.27331086   1.81644173   1.01609036   0.02114974   0.03012223
   0.11219538   0.86855248   0.           0.94781861   0.54497295
   0.06677062], 16.15229698465583, True
[-11.36602392   3.1246182    1.33503125   0.3575979    1.98221259
   1.28479572   1.88000131   1.09611971   0.01307247   0.1225252
   0.10555096   0.94979005   0.10819655   0.8774748    0.60708847
   0.05020995], 16.1571436198203, True
[-1.10511931e+01  3.35960780e+00  1.42534281e+00  2.09737114e-01
  2.13700876e+00  1.27296480e+00  1.98461463e+00  1.00000000e+00
  2.19314089e-02  1.35922893e-01  1.27432801e-01  1.00000000e+00
  8.31858679e-02  7.11251766e-01  5.62932684e-01 -3.35114049e-21], 15.985994750751061, True
[-1.10414038e+01  3.37669993e+00  1.54957890e+00  2.00000501e-01
  2.26382799e+00  1.35647379e+00  1.83519386e+00  1.00000054e+00
  1.01623438e-02  1.04617588e-01  4.08363110e-02  8.58120591e-01
  1.19642105e-01  7.78907314e-01  8.20029272e-01  1.41878294e-01], 16.077008728361214, True
[-1.04629422e+01  3.24213707e+00  1.39610534e+00  2.00425433e-01
  2.28148129e+00  1.41649824e+00  1.89562732e+00  1.00044345e+00
  1.77773779e-02  9.96843137e-02  1.49177632e-01  1.00000000e+00
  1.15402862e-01  8.96176244e-01  5.44935974e-01 -6.56513320e-21], 15.887423938192928, True
[-10.41350766   3.42537526   1.55237364   0.56885785   2.27229691
   1.15963826   1.72490016   1.02686672   0.02303143   0.03845725
   0.14595862   0.90009312   0.           0.95702905   0.40086521
   0.09016764], 15.908271046408025, True
[-1.04634929e+01  3.41935486e+00  1.65619242e+00  5.68013219e-01
  2.30425536e+00  1.20965314e+00  1.72373755e+00  1.12247572e+00
  1.92733234e-02  2.42978980e-02  1.05173622e-01  8.27645157e-01
  2.77648293e-04  9.34086109e-01  3.81291543e-01  1.72354843e-01], 15.932892761803103, True
[-1.04257526e+01  3.26093303e+00  2.12037585e+00  3.13493411e-01
  2.37273797e+00  1.20501051e+00  1.63726933e+00  1.09550172e+00
  5.99424273e-03  0.00000000e+00  6.61157996e-02  6.64193005e-01
  6.21631496e-02  8.25799196e-01  4.26881318e-01  3.35806995e-01], 16.03603738261064, True
