(array([-1.37732993e+01,  2.52241139e+00,  1.59016768e+00,  4.92235125e-01,
        1.19411384e+00,  2.18525823e-02,  2.50258938e-04,  7.46863370e-02,
        2.35348327e-01,  9.74399306e-01,  4.01289481e-02,  7.40814130e-01,
        2.72352676e-01,  2.21354715e-02]), np.float64(16.705183327724306), True)
(array([-14.03017417,   2.80300369,   1.79099039,   0.3073658 ,
         0.84656295,   0.0197737 ,   0.        ,   0.20110865,
         0.01427718,   0.95383714,   0.086741  ,   0.47439224,
         0.71438481,   0.04616286]), np.float64(16.721272480950272), True)
(array([-14.06699724,   2.71194212,   1.54747771,   0.44455097,
         1.15623445,   0.02195206,   0.01527794,   0.14403181,
         0.11081536,   0.9760714 ,   0.02001684,   0.59188356,
         0.54294674,   0.01565031]), np.float64(16.825565170073602), True)
(array([-14.81889954,   2.44999643,   1.50540993,   0.48108614,
         1.25523835,   0.02018647,   0.        ,   0.23583155,
         0.32114071,   0.96399246,   0.04670901,   0.55721355,
         0.20257303,   0.03600754]), np.float64(17.188144417973344), True)
(array([-1.70979415e+01,  2.92032927e+00,  9.21096437e-01,  2.72057443e-01,
        8.56407069e-01,  1.94933944e-02,  3.68411280e-03,  2.95672438e-01,
        2.36864183e-01,  9.58331717e-01,  2.77858554e-01,  7.04019695e-01,
        6.90133967e-01,  4.16625177e-02]), np.float64(17.259116910152017), True)
(array([-2.07142213e+01,  3.49263741e+00,  2.32572401e+00,  2.49233089e-01,
        3.80471386e-01,  1.42356391e-02,  1.59371545e-02,  0.00000000e+00,
        1.23941783e-01,  6.41026086e-01,  5.33644510e-02,  8.36595318e-01,
        4.86089542e-01,  3.58973914e-01]), np.float64(17.328796106445267), True)
(array([-1.62994323e+01,  2.36635948e+00,  1.44121924e+00,  2.06139774e-01,
        9.64687449e-01,  1.83700991e-02,  1.25981451e-03,  3.05993715e-01,
        3.52883758e-01,  9.99998990e-01,  1.64918180e-01,  6.30994625e-01,
        3.13663198e-01,  0.00000000e+00]), np.float64(17.36926368548135), True)
(array([-17.60101616,   2.12274819,   1.99730853,   0.2207486 ,
         0.84233145,   0.01809122,   0.        ,   0.        ,
         0.04132091,   0.68943092,   0.10098699,   0.82140818,
         0.6397585 ,   0.31056908]), np.float64(17.376452594580243), True)
(array([-1.71202627e+01,  2.92148024e+00,  5.44819046e-01,  2.74603012e-01,
        9.34794193e-01,  1.89614613e-02,  9.93574229e-04,  4.31879804e-01,
        3.90199724e-01,  8.94211818e-01,  7.38388932e-01,  5.68118943e-01,
        9.22307190e-03,  3.98504756e-02]), np.float64(17.400709032960346), True)
(array([-1.63959861e+01,  2.40173261e+00,  1.41104303e+00,  4.64451368e-01,
        1.13798689e+00,  1.97294295e-02,  0.00000000e+00,  3.24529191e-01,
        3.19699073e-01,  1.00000000e+00,  6.19364602e-02,  4.64665991e-01,
        2.73340047e-01, -2.93626065e-21]), np.float64(17.415392871682393), True)
