# Age of Mother.	Number of Previous Issue.	Totals.
# Not Stated.	0	1	2	3	4	5	6 and under 10	10 and under 15	15 and over.
# * This number represents 26,728 single cases, 316 plural cases, and 1 case of triplets.
15 and under 16	 	1	 	 	 	 	 	 	 	 	1
16 “ 17	 	8	 	 	 	 	 	 	 	 	8
17 “ 18	 	56	2	 	 	 	 	 	 	 	58
18 “ 19	 	116	18	 	 	 	 	 	 	 	134
19 “ 20	 	281	56	6	1	 	 	 	 	 	344
20 “ 21	 	357	141	25	 	 	 	 	 	 	523
21 “ 25	 	2,501	1,375	523	164	36	9	5	 	 	4,613
25 “ 30	2	2,674	2,345	1,588	893	441	165	109	1	 	8,218
30 “ 35	1	1,214	1,501	1,443	1,034	784	482	514	21	 	6,994
35 “ 40	2	451	594	679	683	579	527	902	102	2	4,521
40 “ 45	 	101	105	170	173	153	166	455	142	7	1,472
45 “ 46	 	5	3	6	10	13	5	27	15	1	85
46 “ 47	 	3	5	4	4	3	6	13	10	 	48
47 “ 48	 	 	 	 	 	2	 	8	5	 	15
48 “ 49	 	 	 	 	 	2	2	3	2	 	9
49 “ 50	 	 	 	 	 	 	 	 	 	 	 
50 “ 51	 	 	 	 	 	 	 	 	1	 	1
51 “ 52	 	 	 	 	 	 	 	 	1	 	1
Totals	5	7,768	6,145	4,444	2,962	2,013	1,362	2,036	300	10	27,045
